231,114,255,114,255,126,231,126
259,114,284,114,284,126,259,126
288,114,325,114,325,126,288,126
330,114,391,114,391,127,330,127
231,127,268,127,268,139,231,139
272,127,297,127,297,139,272,139
301,126,363,126,363,138,301,138
230,140,256,140,256,152,230,152
260,139,309,139,309,151,260,151
313,139,313,139,313,139,313,139
313,139,313,139,313,139,313,139
314,140,376,140,376,153,314,153
422,171,446,171,446,184,422,184
449,171,449,171,449,171,449,171
450,171,450,171,450,171,450,171
450,171,474,171,474,184,450,184
45,390,121,390,121,409,45,409
128,390,128,390,128,390,128,390
127,390,144,390,144,409,127,409
152,389,246,389,246,411,152,411
253,389,280,389,280,409,253,409
287,389,353,389,353,412,287,412
359,389,456,389,456,410,359,410
146,417,294,417,294,436,146,436
301,421,347,421,347,436,301,436
146,457,207,457,207,476,146,476
211,458,267,458,267,475,211,475
270,459,288,459,288,474,270,474
292,456,348,456,348,475,292,475
